ID	Genotype	yield	TGW	HI	BM	GM2	SM2	GSP	GWSP	Height	PGF	GFR	DTInB	DTA	DTM	TTInB	TTAnth	TTPM	TTA7H	RSGP	SPKLSP	InfSPKLSP	Spike	Awns	Ped
1	HiBAP_10	597.4843481	44.65600008	0.499366786	1271.0725	13381.64965	261.709255	55.7213431	2.457078189	98.68114961	34.98226661	15.28449677	56.50000001	72.75	111.987335	947.8987501	1242.83625	1995.632198	1395.13	14.57214839	20.47924531	1.120706682	12.58	6.694254561	39.49645251
2	HiBAP_100	588.7829568	46.59979841	0.46712659	1341.010665	12634.52425	260.8220697	52.03220494	2.40937987	101.5865828	31.37334876	16.2260385	62.87500001	79.5	115.8471067	1058.27375	1374.8175	2075.687683	1525.9925	14.4058097	20.01785205	1.051951329	13.22075	6.765031724	41.69824895
3	HiBAP_101	606.8278149	50.68025674	0.479533196	1347.645881	11939.45628	264.5567733	48.48210855	2.474567651	99.59853444	31.77112924	16.99996619	61.37500001	76.75	112.6878086	1031.2175	1325.09875	2009.266419	1486.3425	13.77672746	19.01860794	1.02736219	13.121	5.991372883	38.39797597
4	HiBAP_102	564.344767	46.10650424	0.45812299	1321.494147	12181.2327	340.8166148	38.50403621	1.813972303	97.2376539	31.3210137	15.59338269	64.25000001	79.25	115.5265086	1082.37375	1372.24875	2071.512679	1501.305	13.02681711	18.28980381	0.518099949	10.92075	7.417816295	35.92554664
5	HiBAP_103	554.1669555	50.26946861	0.486394731	1204.290537	10979.0028	273.9641838	42.233162	2.175532019	99.17863469	34.46826429	14.54973509	56.50000001	72.625	110.7669811	949.3737501	1241.02375	1971.786628	1375.5175	14.61874936	18.12696259	1.009150484	11.921	6.022229898	37.2526786
6	HiBAP_104	597.9127669	44.30396117	0.498827763	1227.596173	13441.67554	323.0153535	44.56001633	1.935468887	97.82885605	34.23000656	15.80228623	55.37500001	72.875	110.8113291	931.5362501	1247.07375	1969.488644	1402.155	15.8898567	18.34516509	1.037749739	10.8665	6.764735965	36.50256486
7	HiBAP_105	614.1875495	48.12032556	0.447193022	1526.735169	12718.78219	293.2947419	48.37797586	2.365764162	104.0743485	30.95811396	17.16934357	63.25000001	80.125	116.1619096	1065.705	1386.43625	2082.499742	1516.1425	14.57313926	20.91009028	1.090622431	13.4125	6.694360754	40.02786405
8	HiBAP_106	588.7943502	37.59436129	0.468132334	1409.968528	15572.04212	361.9300437	46.50099824	1.834831914	99.57135086	31.27342034	16.53336916	62.00000001	78.875	115.1102122	1044.17375	1364.505	2059.201331	1506.2925	14.85326047	18.480642	1.151551751	11.3585	5.910200226	37.6740915
9	HiBAP_107	590.9845992	47.31905547	0.408774884	1570.848345	12439.32609	305.4568974	43.58927442	2.087913138	113.800493	31.29924307	16.36070462	61.75000001	79.375	115.6213228	1038.34875	1371.81125	2071.390835	1521.13	15.28256806	21.04726308	1.307813695	13.77075	6.406445522	42.70875531
10	HiBAP_108	641.89376	46.63267729	0.4698152	1445.601132	13760.53145	293.3563317	49.14891237	2.304708957	98.10413212	33.17375724	16.26134062	62.50000001	79.625	119.1635754	1049.14875	1375.19875	2143.208994	1516.2675	14.41425193	19.96027485	1.108634289	12.60025	6.585787759	37.67578779
11	HiBAP_109	647.4814325	44.69591958	0.483910868	1392.160158	14472.37591	270.301779	56.0531833	2.520760001	103.5589691	33.80235126	16.78240042	58.37500001	74.875	113.3970587	982.6675001	1288.59875	2025.570229	1437.105	14.61190445	20.75535152	0.967019377	12.9915	6.290214718	36.83141717
12	HiBAP_11	569.0109766	40.72636983	0.490114918	1258.269734	13999.79503	296.9829953	51.00027771	2.051640206	97.30056212	33.81292214	14.41172007	63.62500001	77.25	116.7840026	1069.92375	1334.23625	2095.793349	1491.455	11.73452073	19.93113707	0.488794468	12.065	6.224450676	37.69719443
13	HiBAP_110	588.9501478	43.56947403	0.479387401	1291.996879	13486.05436	274.2324659	51.17496265	2.275877285	97.12635015	32.84790452	15.47138909	62.00000001	77.625	115.8435476	1043.405	1340.805	2077.302356	1501.43	13.57659897	20.18584204	1.053501153	13.275	6.384953586	38.22867056
14	HiBAP_111	575.6603082	42.10211767	0.478879924	1292.753735	13662.40743	331.1421897	44.10086509	1.903170103	99.44015688	32.19495385	15.92687268	61.75000001	76.125	112.5112463	1038.77375	1313.63	2004.730533	1467.455	12.9156433	18.56014811	0.729205426	12.7	6.047096123	39.2896137
15	HiBAP_112	567.7624488	42.74036312	0.457394649	1271.666144	13233.47818	275.9098772	50.47070144	2.140053702	103.2140788	32.14421492	14.76541353	65.50000001	81	119.4916654	1103.405	1400.86125	2148.852392	1543.3175	12.99154899	20.20479343	0.939513266	12.7125	7.102920166	41.24078617
16	HiBAP_113	575.3532525	48.188006	0.457411429	1356.082597	11903.97661	242.1550625	51.45484312	2.566880395	101.3068537	31.59989272	15.71119821	61.12500001	79.125	115.7670441	1024.56125	1367.58	2075.413936	1511.28	15.59120813	19.60902026	0.54438523	13.4375	7.335939209	42.67275805
17	HiBAP_114	589.536452	45.24610718	0.464655727	1368.282104	13016.51264	298.3265891	47.03916728	2.172128424	102.5154014	32.8116574	15.64051395	60.50000001	77.5	115.3548142	1019.28	1338.92375	2067.331231	1479.455	14.82905587	19.53448703	0.466818448	12.73325	6.861490523	39.07474683
18	HiBAP_115	565.8486178	42.27450353	0.49427504	1211.634017	13394.04994	324.1188317	43.91898615	1.867326864	100.5433434	34.18520759	15.80716523	54.12500001	69	104.6904515	913.4987501	1169.68	1845.087538	1324.8675	14.25440197	17.23217312	1.065870743	9.67525	5.821665381	34.71983195
19	HiBAP_116	647.7513703	47.12906724	0.517949924	1299.402222	13747.55566	267.0618544	53.64735146	2.54121589	95.66997673	34.23842162	16.84559672	59.00000001	73.75	112.3534942	992.4050001	1265.47375	2001.92637	1393.8425	13.26290104	19.00277512	1.019608229	12.43325	6.385444311	36.364512
20	HiBAP_117	561.6417544	46.4455279	0.434641436	1353.559422	12070.76121	322.6425868	38.68694208	1.81856393	102.3498962	34.50395105	14.41923836	59.75000001	74	112.9471295	1009.61125	1270.6425	2015.115072	1393.8425	12.76192278	17.63336137	0.970239431	10.1915	5.490903901	41.10494416
21	HiBAP_118	591.5794295	53.57983275	0.429466285	1428.583539	11018.65424	255.7848315	45.09570391	2.43950319	109.6531772	34.03124343	15.06966138	59.75000001	76.125	115.4864658	998.3987501	1311.78625	2068.469902	1435.8675	14.18601464	19.80941418	1.484980493	12.6415	6.61451089	40.09342305
22	HiBAP_119	546.1910297	48.74410269	0.428203436	1374.049214	11182.46827	246.4607244	49.47007652	2.368271296	105.7237515	31.94099716	14.5812847	62.75000001	79.625	117.0786718	1054.09875	1376.355	2101.017731	1525.9925	14.45974145	20.79105507	1.022501134	13.7125	6.352764346	40.07861353
23	HiBAP_12	484.5498518	32.8541858	0.421347059	1225.386748	14853.76307	408.8157123	40.08558815	1.256275163	89.87922196	36.49507235	11.44261982	59.50000001	74.375	117.2844145	1000.3675	1277.405	2105.633864	1411.8675	12.82391905	17.69175102	1.145046553	9.139	7.027849008	39.65949865
24	HiBAP_120	597.4213736	48.73956979	0.44827015	1398.590476	12233.20397	278.1738671	46.59799981	2.263180737	103.5001595	33.15131041	15.62313123	62.12500001	77.25	115.5965889	1047.53625	1333.87375	2071.52844	1501.305	13.16053801	19.71011529	0.885880687	12.09575	6.627241285	40.39649454
25	HiBAP_121	558.2258373	53.81891122	0.435859485	1372.953696	10383.96212	261.0567611	41.81412091	2.277757607	107.5269373	33.28440557	14.56949919	61.62500001	76.5	114.5493718	1035.8925	1319.4425	2050.076595	1449.105	13.02587099	20.13904002	1.028594837	11.921	6.278319485	40.14462964
26	HiBAP_122	554.1517762	49.89241383	0.444256654	1315.754786	11149.50473	253.0177194	47.01769493	2.306298897	106.2214472	31.46083932	15.23243058	64.12500001	79	115.3685041	1079.93625	1365.51125	2066.879277	1516.0175	12.93666828	20.34016831	1.023256731	13.2665	6.19431464	41.78218416
27	HiBAP_123	616.9789239	51.37084551	0.472331096	1420.152869	12034.28915	282.3332873	45.35865366	2.33231936	103.5915055	32.71327079	16.469716	62.62500001	77	114.5405532	1053.28	1329.6425	2049.152696	1491.455	12.65882288	20.63499654	1.286147363	12.825	6.378520666	40.31872207
28	HiBAP_124	590.033866	37.76044466	0.455323607	1397.345769	15583.13371	294.1473599	57.46905071	2.143308854	102.1731438	31.80910815	15.7697529	65.37500001	80.375	117.8571018	1101.83	1390.355	2118.873737	1534.655	12.78373237	20.68032987	1.258583184	11.675	5.525864541	37.98089199
29	HiBAP_125	579.8026216	44.13727658	0.501378771	1214.038501	13122.54054	310.5861165	44.01068992	1.945560142	99.43142352	35.1160747	15.11974401	56.50000001	70.75	109.3111369	948.9737501	1204.14875	1937.268656	1367.055	13.22313849	18.7690819	1.342067704	11.66675	6.07165738	38.84845571
30	HiBAP_126	612.7234817	41.0550763	0.516329124	1323.420486	14970.39136	319.4666509	51.95928216	2.139883796	95.63304429	36.00767263	15.50659249	54.25000001	70.25	109.8548575	914.7300001	1193.23625	1950.168964	1338.9175	14.79778308	19.8335792	1.427553569	11.94175	6.003227965	33.42164593
31	HiBAP_127	616.719156	43.38271102	0.510130235	1258.03078	14174.40873	266.4425819	54.91578981	2.383082702	102.2710511	34.22741315	16.28669175	57.00000001	73	110.9836194	957.9237501	1249.81125	1975.301921	1376.9175	14.54795948	19.60056586	1.202787829	12.0125	6.013529478	37.58022849
32	HiBAP_128	611.6053557	40.2099205	0.509936399	1250.30207	15193.12081	260.6996691	59.44702079	2.40479798	93.61510237	33.20683188	16.27824958	57.50000001	75.375	112.7239056	964.9050001	1298.01125	2010.703328	1437.105	15.95819317	20.14568063	1.241310836	12.046	5.692574776	37.11548643
33	HiBAP_129	640.5813282	41.48419307	0.498017587	1353.184808	15398.12722	296.8900364	53.07122675	2.218259334	95.82434815	34.6598189	16.32740937	57.25000001	73.625	112.6686273	963.1612501	1262.5175	2007.233848	1393.8425	14.72735641	21.00051555	1.386933208	12.22475	5.55575354	37.27110549
34	HiBAP_13	613.2972123	41.64458539	0.488747484	1333.044397	14714.95625	335.2227796	48.07991084	1.94932227	98.92652899	34.61619738	14.78205292	63.87500001	78.125	119.4064685	1074.93	1349.18625	2147.640449	1506.0425	11.95803356	21.34125501	1.149892027	12.971	5.987710754	36.53815511
35	HiBAP_130	692.4405793	45.13345305	0.501952339	1445.561022	15336.41046	297.279034	54.99360502	2.475466358	97.40509077	33.83313468	18.23338059	57.75000001	74	112.0290483	971.4487501	1270.505	1993.933976	1410.6175	14.71137779	19.47067135	0.632613432	11.71675	5.211636533	37.23791404
36	HiBAP_131	592.5335827	40.71338318	0.519760827	1250.938349	14550.04373	270.8998624	58.92232608	2.407673945	97.9397651	35.40618976	15.01031163	56.12500001	71.875	111.4567589	943.1425001	1225.48625	1982.813649	1367.055	14.29167308	20.12746957	1.085674584	11.4665	5.839338935	37.15523873
37	HiBAP_132	612.3689626	41.39429582	0.509040542	1303.78685	14791.91233	295.4908285	53.78979982	2.265678459	94.81165162	32.58142247	17.2344138	58.25000001	73.625	109.2949681	977.8362501	1261.5425	1939.780305	1392.1425	14.16621256	19.12291095	1.008489771	12.375	6.653687369	37.05559447
38	HiBAP_133	638.4555857	43.82156874	0.492608774	1350.505821	14637.49019	300.7300686	51.26454487	2.214603298	100.0540899	35.03054705	16.43707294	57.62500001	72.125	110.9542224	967.2425001	1230.68625	1974.970844	1367.055	13.16448779	19.03544191	0.588493251	12.8335	6.601184818	38.08610812
39	HiBAP_134	610.3350124	45.834301	0.524074373	1297.416745	13369.1504	280.3362808	52.99740113	2.419333927	92.48783833	35.09840853	15.63391497	56.87500001	72	111.0883749	955.5237501	1228.08625	1975.825336	1367.055	13.80319404	18.70954682	0.218690359	11.38775	5.561401851	31.70313815
40	HiBAP_135	653.0681843	45.51606898	0.464882875	1427.783055	14302.40246	345.0810814	42.27865133	1.930994166	98.79728729	35.24109299	16.68852131	54.62500001	71.875	110.987688	921.0050001	1225.5175	1971.850955	1367.055	15.76608736	19.38282427	1.022937133	11.22925	5.74374666	37.42329912
41	HiBAP_136	658.4741093	47.07695922	0.436627234	1599.217005	13984.69451	313.1790255	47.29665554	2.250397356	104.1257914	33.61778856	16.49852149	63.75000001	79	119.1522932	1074.04875	1366.18625	2143.493909	1506.2925	12.85093623	19.5696768	1.419786774	12.08325	6.24068987	37.89672688
42	HiBAP_137	612.1150149	43.97232309	0.480110552	1323.399733	13938.99668	293.8559157	48.80718987	2.173897365	90.62345419	35.40662583	15.53302427	55.62500001	71.875	111.4667134	935.4800001	1225.77375	1983.01276	1376.9175	14.75323555	17.78708124	1.216321063	10.6835	6.046687441	34.64823536
43	HiBAP_138	641.3434476	45.58886708	0.487725787	1394.317117	14041.7295	305.0193108	48.90127056	2.24637235	97.52162269	35.2492049	15.87782687	61.00000001	74.125	114.5283824	1027.88	1272.755	2049.579289	1411.8675	11.51809786	19.64411341	1.182511871	12.10425	5.82129688	34.73797241
44	HiBAP_139	623.0681158	44.15094328	0.51286794	1314.521394	14110.85584	316.1858723	48.40067268	2.115712079	97.9191632	37.94002998	14.91093155	52.75000001	68.375	110.1604504	891.7112501	1157.93625	1957.275696	1310.8175	14.2962445	19.18209922	1.525928515	10.55	6.584348373	36.35786618
45	HiBAP_14	585.5915301	42.17243493	0.466730435	1242.384771	14029.36467	267.4204283	53.49447392	2.212809483	97.21574965	33.15297636	15.41024438	62.50000001	77.5	115.8939634	1049.14875	1338.84875	2078.032441	1491.455	12.97410806	21.06031505	0.710452238	13.0935	5.104475815	30.95443988
46	HiBAP_140	594.1238696	41.75633152	0.472237897	1358.523432	14235.59334	324.0234968	47.26204839	1.978061478	95.92314324	33.14421107	15.50894319	63.37500001	77.5	116.0123994	1063.63	1338.73	2080.625101	1479.455	12.22135802	18.63422108	1.172776309	10.779	5.447236287	34.44296627
47	HiBAP_141	618.8081132	43.59453554	0.513658973	1250.008711	14197.80047	288.5016509	51.18223816	2.261186353	95.22648788	33.51614903	16.72571269	58.75000001	73.5	110.5933487	986.5362501	1259.4425	1965.401329	1402.855	13.45454528	19.53639709	0.860786449	11.8415	5.927347354	32.31493289
48	HiBAP_142	692.9354068	47.78868081	0.50700433	1442.104412	14472.87172	268.1697558	57.39901423	2.761989604	98.43218735	33.81077952	18.12693732	59.87500001	74.625	112.7905422	1007.97375	1283.54875	2011.841115	1428.0925	13.11719412	20.5244768	1.00281643	12.2875	6.563054848	37.08883038
49	HiBAP_143	657.961883	46.64932495	0.517988566	1336.420961	14035.77874	340.2116802	43.50195848	2.077114934	97.27085802	37.25550127	15.89844816	54.00000001	70	111.3289688	910.7987501	1189.56125	1980.033261	1319.955	14.49910314	18.40234639	1.635078058	11.09175	6.721521723	35.7789557
50	HiBAP_144	642.1467841	44.34986815	0.504436374	1302.746173	14480.30402	306.7973325	49.00943816	2.178797498	95.48246444	33.67596137	17.11675282	59.12500001	74	111.6631852	990.5362501	1270.26125	1987.659474	1409.0925	13.40571456	19.11988086	1.663614073	11.63325	5.824927971	36.22902425
51	HiBAP_145	594.5463511	42.90374369	0.434827042	1462.312697	13881.72899	286.2156017	52.86597516	2.211085658	99.50933505	32.99561091	15.02917277	63.25000001	80.5	120.0334402	1065.8175	1393.1925	2160.611182	1550.7175	14.42938516	19.77210901	0.726608669	11.73325	6.320116935	32.98713605
52	HiBAP_146	559.9719031	37.35174814	0.451538164	1273.16618	14910.35647	411.6483351	39.46533262	1.426036346	87.0815593	NA	NA	62.75000001	NA	118.2441598	1061.06125	NA	2127.473797	1630.694274	NA	20.11160974	1.323896228	10.83830517	5.929001179	37.92564675
53	HiBAP_147	587.0353689	39.7692578	0.444469983	1389.936481	14750.97465	280.9732294	55.10191729	2.215155468	103.0658738	33.88766084	14.83810126	56.87500001	77.5	116.9736224	955.5237501	1338.21125	2101.03973	1494.2925	17.72480795	20.99454435	1.802468429	12.99575	6.167897221	35.32322123
54	HiBAP_148	582.4566728	44.98818415	0.46511133	1306.795519	12934.49035	341.1980446	38.5937418	1.741422084	103.9064968	34.29696834	15.21291802	58.87500001	73.125	111.1783185	993.2987501	1252.0675	1976.732466	1394.3925	13.00791466	18.54345392	0.800889853	10.479	5.604643082	39.30508085
55	HiBAP_149	557.8904019	39.47972417	0.433960603	1318.694606	14201.52926	306.3114367	46.24974333	1.854067717	102.8499748	33.02212901	14.01874359	63.25000001	81	120.7787893	1064.04875	1400.86125	2174.734631	1543.3175	14.70067548	19.89285458	1.094286181	13.54175	7.092166332	34.48117036
56	HiBAP_15	650.8182705	43.90856502	0.483106252	1388.562756	14812.46125	311.1495767	52.29494652	2.194964225	90.91784522	33.01677813	16.9878002	64.37500001	79.375	118.6690656	1088.0925	1372.3925	2135.090596	1525.9925	12.75643364	19.32320028	0.378809879	11.646	6.994479882	36.00191706
57	HiBAP_150	585.1997285	52.04192362	0.447727796	1403.339059	11286.8681	234.8949511	50.29881941	2.616837885	104.1921556	32.58872695	15.54634152	61.37500001	77.375	114.7275357	1032.555	1336.4675	2054.883944	1491.455	14.00637952	20.89289448	1.475931126	13.83775	6.667093434	41.25237571
58	HiBAP_16	552.8524988	42.72673181	0.413596828	1419.476006	12910.114	278.5077146	50.63822311	2.148670144	98.075788	32.82368042	14.10486795	64.37500001	80.5	119.6876586	1084.9425	1395.47375	2156.796027	1542.055	13.55244599	22.11545341	1.121361428	12.71175	5.978988966	30.42806432
59	HiBAP_17	531.3609069	35.96912961	0.481958728	1204.047964	14838.93292	325.7157238	48.74321754	1.777838281	98.18188596	33.12141795	13.26437903	68.00000001	81.5	121.8187227	1151.055	1412.88625	2197.036926	1585.1675	11.09255449	21.99533085	1.274906377	11.44075	5.691791972	34.52199598
60	HiBAP_18	606.4414549	39.79958637	0.460376483	1410.540803	15282.88384	353.639505	47.43962151	1.882960007	94.37580205	32.06948705	16.01936815	65.50000001	80.75	118.9207048	1103.655	1398.12375	2139.619959	1559.38	12.86078754	21.4446447	1.349219705	12.07425	5.144053083	35.5875444
61	HiBAP_19	630.8324944	37.70339952	0.473201281	1379.914113	16685.17699	273.6070206	63.84435009	2.461594679	89.87945742	31.21416256	16.59855278	64.50000001	85.20083767	123.8131051	1088.88	1479.621704	2238.874908	1633.7675	17.2135224	24.18715321	1.080304585	14.49575	6.536465977	29.03781774
62	HiBAP_20	585.571525	47.27138696	0.412128272	1525.831363	12363.00069	288.5317096	46.9178937	2.264453571	109.1140696	32.0271671	15.79060044	62.37500001	79.125	116.5667073	1046.63	1366.98	2091.744681	1528.48	14.44109595	21.49394497	1.253566701	13.205	6.999976241	41.98489288
63	HiBAP_21	539.9864472	42.58853474	0.449893784	1260.086704	12697.76266	278.2466351	45.13824391	2.022955117	103.4950522	34.51836143	13.83373917	60.25000001	74	113.1380357	1016.305	1269.86125	2018.560823	1419.08	12.2928435	19.34592313	0.878251218	11.32925	6.106511477	42.25121142
64	HiBAP_22	602.8943485	40.21781046	0.436986425	1512.871949	14992.58639	314.2737573	52.25059082	2.115648325	101.2256037	32.97601897	15.28641038	63.00000001	80.25	119.7619501	1060.3675	1389.27375	2155.182242	1516.1425	14.43058339	20.54688865	0.673450963	12.18325	6.772087102	38.10948997
65	HiBAP_23	575.4970789	45.25077984	0.467358157	1298.558158	12710.87586	252.1485421	53.74892332	2.382440857	104.1891458	34.34697398	14.83320048	59.12500001	73.75	112.3905528	995.0362501	1265.47375	2001.943308	1410.6175	13.1698501	19.80121988	1.505838383	13.175	6.805290398	38.38301463
66	HiBAP_24	588.97176	43.38371257	0.459451926	1326.161664	13582.19153	346.1611968	41.7957722	1.774646682	95.56098833	34.69619937	15.50419364	55.12500001	71.5	109.5601616	927.6425001	1217.79875	1945.499092	1357.1925	15.02578909	17.28585988	1.171858093	10.3915	6.32322496	37.11262942
67	HiBAP_25	591.2275806	41.0920265	0.470240764	1362.21545	14391.99398	323.1237389	48.00015932	2.021948125	95.48389628	33.43247259	15.30317798	62.50000001	76.625	115.2250719	1047.33625	1321.605	2063.660097	1461.105	12.28252933	19.93039303	1.381376303	12.02925	8.266044682	37.92964196
68	HiBAP_26	705.2299656	45.83717567	0.460938312	1600.726057	15324.44292	317.8519799	50.2635904	2.287758071	104.5184037	31.94128971	18.91379118	60.00000001	79	116.2178369	1011.8175	1366.0675	2085.302035	1506.2925	16.50769393	20.14183945	1.434212656	13.3765	6.648661554	41.65728841
69	HiBAP_27	683.2829889	43.8160049	0.486571494	1423.488815	15580.99254	307.52322	49.89745062	2.21781602	104.264684	34.21622103	17.70426177	58.62500001	73.75	112.2578333	987.4925001	1265.47375	1998.701261	1385.38	13.63848056	20.17384708	1.327178264	12.45075	6.355393033	37.78220724
70	HiBAP_28	555.3871896	38.95506449	0.44955991	1327.747162	14320.7022	342.1422662	44.36353987	1.740870542	98.70212478	31.98739099	15.05126618	63.00000001	78.5	115.6327504	1062.09875	1356.73625	2070.263834	1511.28	13.47825726	18.7353404	1.242472214	11.29	6.975408732	39.45757695
71	HiBAP_29	590.7545148	48.01089674	0.471744001	1356.491504	12304.1266	276.1442025	47.02327276	2.262352061	104.3114193	34.9194924	14.99203732	57.37500001	72.75	112.0643819	964.4612501	1243.88625	1996.754457	1383.98	13.90909937	18.94556258	1.16400446	11.1625	6.705737482	39.41854669
72	HiBAP_3	527.1285481	34.20062553	0.453734825	1247.391333	15407.39256	310.4875379	51.27597605	1.783565024	92.47848699	34.75597348	13.23425509	58.87500001	75.125	115.1754039	994.6737501	1293.33625	2062.203071	1453.33	14.26608305	20.01039861	1.26972422	10.83225	6.625964432	35.66617356
73	HiBAP_31	614.4882016	48.75174163	0.467890062	1413.031585	12601.00806	275.8638047	48.11400279	2.377032855	101.4615383	33.40948449	15.86594767	62.37500001	77.25	116.049837	1052.87375	1334.38	2080.931395	1496.3175	12.93414854	19.14021803	1.418937649	11.471	5.951576334	40.05467764
74	HiBAP_32	602.929282	44.08442061	0.446183825	1442.883492	13664.69642	330.1273024	43.02888685	1.9156989	104.2676106	35.23445346	14.77836403	57.00000001	75.25	116.0050489	956.5612501	1295.03625	2079.374638	1440.0925	15.7181388	20.382218	1.505949366	11.9875	6.19724704	35.0224406
75	HiBAP_33	644.7322891	44.81656945	0.480924871	1421.337148	14360.47174	339.6170676	44.47122507	2.01134526	100.7648389	33.85827517	16.91266884	58.37500001	75.25	113.7876861	979.3425001	1293.83	2033.927535	1427.2425	14.96843538	19.7368206	1.777282874	10.825	6.092302725	36.45918722
76	HiBAP_34	637.5821481	44.57986685	0.478371788	1421.621552	14304.34727	286.711168	52.82735544	2.351790425	96.9500086	33.77308638	16.63305076	58.00000001	75	113.1573703	974.8987501	1291.205	2017.789422	1453.33	15.10697908	19.97027502	1.460182786	11.296	5.926555762	36.6481209
77	HiBAP_35	599.8554719	50.66229631	0.450535269	1420.110478	11843.47456	276.8756057	44.8670591	2.273291512	103.2144345	33.22552202	15.59269519	61.75000001	77	115.3038216	1041.66125	1329.5925	2065.071995	1486.3425	13.36952174	20.82797427	0.797940325	12.80025	6.105310487	39.98261866
78	HiBAP_36	590.8709896	46.44533039	0.43209149	1443.347294	12709.1031	323.9956999	41.50166148	1.935707038	103.8343164	34.46085355	15.20039987	57.25000001	74.375	113.3206651	964.3112501	1277.9675	2023.395911	1419.08	15.23765646	18.40511062	0.595712879	11.35	6.086010982	39.42308068
79	HiBAP_37	615.5146172	47.39873482	0.484263917	1432.0781	12952.8486	304.5928838	48.01522258	2.258218133	96.7601442	33.14010954	15.87408152	63.00000001	78.625	117.4728572	1059.0925	1359.57375	2110.175648	1506.2925	13.32310456	18.70049456	0.841930281	12.82925	6.340265689	38.44375486
80	HiBAP_38	575.7216705	38.84725094	0.475314604	1314.229592	14816.45004	378.6352582	41.6578842	1.631089146	97.41905644	39.78744995	12.67863138	52.62500001	68.5	113.8423498	890.2425001	1160.33	2035.886413	1310.8175	14.04582905	18.49565732	1.575545997	9.7835	6.800602497	40.9104703
81	HiBAP_39	536.6511825	38.39450023	0.432224891	1378.457568	13977.26101	326.4672785	48.63127701	1.864955004	105.8543719	31.68419896	14.40689446	67.25000001	81.125	118.5674627	1136.06125	1405.26125	2129.69769	1559.38	11.65896248	22.01686291	1.649797513	12.01675	5.256192907	38.81887305
82	HiBAP_4	503.8847993	36.11448383	0.442279234	1206.119649	13997.64582	334.7352645	43.36218827	1.608166394	94.92664297	32.08021094	13.6166469	63.25000001	78.875	115.9689584	1064.0675	1364.33625	2077.814166	1506.2925	13.44106269	19.55965809	1.524099858	11.84825	6.091074076	41.66972336
83	HiBAP_40	685.5685794	50.23424224	0.496795965	1456.700941	13608.09871	258.0019316	55.2479681	2.77937976	106.3985425	33.2177455	17.70059799	61.37500001	77.125	115.6521193	1038.13625	1331.3425	2071.731357	1491.455	13.69025572	20.43243966	1.578269719	12.9375	6.480515502	42.78104062
84	HiBAP_41	580.7904101	36.41458004	0.498540356	1255.118845	15894.93273	323.3606267	52.42446159	1.908085752	90.39941151	33.56984796	14.05725839	67.37500001	81.25	122.4470842	1138.7175	1405.96125	2209.646148	1543.3175	11.36655027	21.61460258	0.981186475	12.204	6.467027308	35.52154395
85	HiBAP_42	561.9468026	41.06171643	0.483032595	1316.241635	13723.83479	324.4849127	47.24652183	1.951613167	96.47395827	35.72560072	13.83563749	58.12500001	73	113.6530938	974.2987501	1249.42375	2029.518978	1383.98	13.16933863	20.05280075	1.36192308	11.57075	5.841508405	35.20487381
86	HiBAP_43	582.5217224	43.6954676	0.499280355	1240.984588	13323.00649	258.2788467	55.02559128	2.424483681	100.7351516	33.48611786	15.17314415	62.12500001	76.375	114.727387	1044.4925	1317.11125	2053.767328	1461.105	12.45684963	21.64643231	1.11208136	14.29175	5.687757225	35.64133797
87	HiBAP_44	580.6791827	43.23448818	0.46908131	1333.564307	13486.80472	266.1592765	53.89093131	2.32053271	95.33478797	31.38329644	15.86084342	65.62500001	80	116.6655748	1103.805	1381.91125	2092.836924	1533.5925	12.32559368	20.13032483	0.882663172	11.61825	5.066876176	33.76303719
88	HiBAP_45	638.3686695	41.37050372	0.450873826	1560.535512	15435.82523	327.1504739	52.74804905	2.17170562	94.85738767	33.31101056	16.51705977	62.25000001	77.625	116.2550606	1045.44875	1341.28	2085.109144	1489.43	13.22469889	20.91044307	1.251657863	11.90825	5.57687979	31.98642159
89	HiBAP_46	584.8290171	43.17336026	0.452234233	1377.267453	13582.02075	313.7548884	45.57044371	1.971827166	96.17098063	33.46081733	15.06862996	60.75000001	77	115.7318011	1015.43625	1329.5925	2074.392777	1486.3425	14.0338595	20.18892148	1.144661229	11.23325	5.704856252	32.27210471
90	HiBAP_47	557.3718896	45.44175865	0.45172302	1282.563257	12236.94428	310.3882786	41.81846781	1.895962267	105.0019787	34.41693915	14.27074648	60.00000001	75	114.3250164	1007.01125	1290.49875	2044.5947	1449.43	13.13355506	20.39828639	1.460886904	12.87075	6.186771268	40.4611293
91	HiBAP_48	620.1678265	51.66459291	0.459467401	1473.779936	11993.00371	266.2303283	48.52966688	2.51857286	104.2489677	33.2920962	16.27102991	58.62500001	76.25	114.2666439	985.4237501	1315.355	2042.59573	1474.3425	15.49219101	19.3667759	0.968977011	12.79575	6.640388503	40.61941481
92	HiBAP_49	602.5445262	50.46987191	0.44124711	1474.980504	11937.6571	288.505937	44.9029862	2.277932887	103.2088494	33.14688981	15.88329804	61.50000001	77	115.1318867	1029.06125	1329.6925	2061.943433	1479.455	13.4751303	20.67261436	1.285021493	11.971	6.629553513	38.57991184
93	HiBAP_5	580.630016	44.30521251	0.456749499	1434.880712	13083.99135	310.4611632	47.45365848	2.128198381	100.3069861	32.42629273	15.92900559	61.37500001	75.875	112.5602447	1032.13	1307.37375	2007.365522	1445.205	12.95001341	20.93078955	1.389748678	11.35	5.834160379	39.46914592
94	HiBAP_50	592.4821543	44.65865478	0.462464976	1385.586596	13286.11259	311.5870344	45.65466804	2.065618271	101.2113522	32.52647768	15.13898007	67.00000001	81.375	120.4548986	1131.4675	1408.48625	2167.404064	1543.3175	11.90775315	21.2476946	0.6707793	12.8625	6.461155508	38.96008666
95	HiBAP_51	521.7043139	45.23147801	0.457529595	1241.148668	11531.47793	244.418841	50.34949086	2.308310041	108.7081598	31.39752753	14.41519605	62.87500001	79	115.2465508	1056.59875	1365.19875	2064.363891	1521.13	14.05873337	21.29221938	1.457276487	12.52075	5.756339177	40.07820293
96	HiBAP_52	571.9173507	47.56500634	0.466283625	1305.153519	11988.15277	233.6352675	53.97010002	2.629568803	101.9856765	32.96681345	15.11281008	62.50000001	77	114.9682246	1047.405	1329.5925	2059.958555	1486.3425	12.66205358	21.60407353	0.814265961	13.15425	5.709727074	38.33346779
97	HiBAP_53	605.0281267	36.99005408	0.445504882	1415.41161	16367.88322	297.635019	57.00828131	2.086492538	102.3679286	33.19352243	15.58719063	63.50000001	78.125	116.9649309	1070.255	1350.12375	2100.642203	1501.43	12.59941951	21.5632555	0.78394378	11.8625	7.108625612	38.05039842
98	HiBAP_54	558.4888714	38.58608346	0.455428468	1302.037039	14466.92544	388.40395	39.26692336	1.535778179	96.34732626	30.34829994	15.27387904	68.00000001	83.625	120.0776992	1151.0675	1448.0925	2160.196405	1587.1175	13.03969045	21.7391754	1.582690986	11.65025	8.602503591	35.47859932
99	HiBAP_55	626.1360378	39.53108004	0.483885964	1417.03224	15752.51914	380.8704226	45.11660596	1.819882704	95.42443955	29.6060717	18.52711713	67.00000001	81.875	116.2698674	1131.4675	1420.44875	2086.231492	1594.8925	12.78625163	21.32438019	1.334724446	10.7125	6.642450784	33.53200186
100	HiBAP_56	584.2967618	36.51913303	0.463226145	1279.94728	16041.11988	332.1894376	50.18506886	1.810066284	92.40996972	31.36770591	15.9328052	64.37500001	80.25	116.729544	1083.655	1388.1175	2094.699166	1534.655	13.62626031	20.71218276	1.142459912	11.57925	5.874511084	32.85340572
101	HiBAP_57	551.028693	44.72797695	0.448849881	1297.460838	12302.63503	310.8396869	42.4056384	1.88227154	97.05995149	32.09642434	15.18390961	60.75000001	76.625	112.8480587	1023.73	1322.5675	2012.826557	1474.3425	14.23138337	19.78271768	1.496142491	10.95825	6.28503369	39.60284185
102	HiBAP_58	595.6939772	42.57960045	0.456793532	1392.426558	13966.19456	312.3393168	48.49390392	2.055357313	101.4603588	30.94992893	17.18634165	60.37500001	77.25	111.9040325	1017.9925	1333.6675	1995.251496	1464.0675	15.18939923	19.34150457	1.115743484	10.61675	6.193286087	36.36938981
103	HiBAP_59	606.5574554	44.09564684	0.480719459	1337.060865	13756.84319	326.5711309	45.6726749	1.9730049	101.4534978	35.45281034	15.39635819	55.75000001	71.75	111.215092	937.1862501	1222.9675	1981.177789	1365.655	14.47738836	17.86763133	1.345173029	10.19975	7.747589877	37.4802377
104	HiBAP_6	564.2961813	34.0579593	0.499203415	1178.441085	16672.83208	330.5324341	54.07223308	1.814711601	84.62019659	31.0942843	16.01728657	62.12500001	78.75	114.4369811	1047.89875	1361.955	2046.028479	1506.2925	14.64307686	20.48836254	0.458282146	11.22075	4.53185422	31.50956745
105	HiBAP_60	596.5307143	48.41198415	0.459283461	1356.70053	12315.52841	322.5585149	39.80421759	1.927051535	96.77645121	33.39549253	15.89838742	57.87500001	74.75	112.1698173	972.1862501	1285.105	2000.07647	1414.855	15.12796304	18.70357869	1.22229585	10.94575	6.137762375	36.29845748
106	HiBAP_61	621.7785017	53.79761276	0.444673263	1542.537026	11571.83014	318.5804249	40.74958803	2.159784019	98.2875386	33.5819736	16.08773629	59.75000001	76.5	115.1160195	999.7050001	1318.9425	2062.910373	1435.8675	14.58655186	19.21334205	0.841264904	11.77075	6.919607208	37.67092273
107	HiBAP_62	594.5210315	40.76404888	0.471716334	1304.937605	14603.39207	303.6472127	50.35016197	2.032672973	101.0353633	32.64344033	15.78497744	64.50000001	78.125	115.6921819	1086.72375	1350.1925	2073.146193	1506.2925	11.78740553	20.85824441	0.923098277	13.5965	6.370219504	36.31682356
108	HiBAP_63	625.2314898	43.42566854	0.504294156	1275.751671	14470.06351	289.8408029	52.50958959	2.278167794	96.87415656	34.01366576	16.05774833	61.25000001	75.875	114.9449146	1029.9925	1307.83	2058.147096	1461.105	12.79426293	19.62604322	0.853673006	11.2625	6.232065666	35.73732577
109	HiBAP_64	612.3098838	40.05499741	0.473195075	1346.348795	15302.12298	332.1028126	47.06585056	1.928859201	95.96770129	34.29113394	15.68056176	57.25000001	75.125	114.0873298	960.5925001	1293.33625	2038.892592	1453.33	15.77646312	19.76989349	0.454798971	11.02075	6.578193996	36.56436834
110	HiBAP_65	576.2048903	44.71981256	0.426969215	1441.154205	12914.80264	368.4425744	38.0964035	1.693942853	97.55532593	34.65332605	14.67717368	57.75000001	74.625	114.2349065	968.5112501	1283.68	2043.655376	1428.0925	14.79030975	19.27891691	0.729650983	11.63325	5.769547078	37.41327083
111	HiBAP_66	499.1792674	30.02560678	0.415497646	1310.113219	16609.50616	267.28651	68.59040945	2.070008177	99.59650554	35.45237393	12.16688511	57.12500001	75.125	116.3485798	959.5987501	1291.48625	2086.932261	1446.08	15.5426165	19.71493531	0.815347533	11.69575	6.554751089	35.95571586
112	HiBAP_67	623.3803796	39.05499778	0.477210973	1368.465051	15957.71372	359.6966299	46.40591575	1.8292653	100.5780439	32.46481439	17.12219838	60.87500001	76.375	113.1580059	1025.49875	1316.98625	2019.001631	1468.4175	13.85846301	19.73781761	1.06543	11.725	6.347250813	36.72502916
113	HiBAP_68	654.1872441	41.59775183	0.443647015	1556.820258	15701.14867	346.8915136	47.82138832	1.991192986	97.71570481	32.05329238	17.59400623	62.12500001	78.875	116.1892044	1042.93	1363.805	2085.444653	1516.1425	14.52933813	21.58810299	1.019463186	13.4665	6.743667444	37.59738312
114	HiBAP_69	594.7671003	44.94876384	0.441960308	1420.71535	13267.21402	306.1485522	47.11450477	2.086860191	99.82867342	37.11598338	14.69558665	52.25000001	68.875	109.2489009	886.3550001	1167.28625	1938.531474	1324.8675	15.28186369	17.70542771	1.087886173	11.6	6.515406817	39.28203528
115	HiBAP_7	601.1250587	41.14838197	0.486584815	1359.120035	14563.03492	317.0306592	50.74478605	2.131068119	96.82873919	32.18756465	16.54750008	61.00000001	76.875	113.3691622	1031.84875	1327.43	2023.53443	1486.3425	14.17575291	19.93299046	1.413128786	12.19425	6.530768954	36.569777
116	HiBAP_70	620.0560864	41.42421426	0.494955719	1299.066773	14998.35083	357.6319278	42.8766884	1.790179864	98.28442709	34.44492847	16.05913247	56.50000001	73.75	112.5867325	949.8112501	1265.63	2005.546895	1410.6175	15.5221768	18.11959175	1.217783427	10.5415	6.502108025	36.585049
117	HiBAP_71	615.2322548	42.65652422	0.475241994	1402.270739	14384.96681	352.1401551	43.50616064	1.912199379	98.7701825	33.2738493	16.23809492	62.75000001	76.125	114.0591786	1052.48625	1312.6175	2039.995547	1461.105	11.78710907	18.68159977	1.440997356	10.56675	7.127380754	36.84790545
118	HiBAP_72	625.8226975	49.8655238	0.481572908	1366.757806	12534.95069	314.718337	42.53014346	2.099562987	102.5033061	34.55054589	16.68845195	55.62500001	71.5	109.2476241	935.4612501	1218.69875	1939.79069	1385.38	14.66520934	18.18195653	1.369136969	10.7205	6.402628933	36.40429066
119	HiBAP_73	622.4344742	49.8019488	0.485211942	1382.651308	12515.44156	302.6034271	44.16164632	2.199957376	105.3390673	35.28067204	15.64661765	55.75000001	73.375	113.3515335	937.4925001	1257.34875	2023.589934	1393.8425	15.70405005	19.24157975	0.947686914	12.66675	7.286630309	39.95314585
120	HiBAP_74	561.8271359	47.83402843	0.475502205	1239.47004	11703.03368	274.4379705	44.68842559	2.147900135	101.0384388	33.83925958	14.77879843	58.12500001	74.625	112.9215762	978.0675001	1283.405	2015.773121	1428.0925	14.76361996	17.77583039	1.116415365	9.34175	6.483902896	41.15262364
121	HiBAP_75	567.782021	45.90738807	0.465362836	1269.288499	12363.87615	281.17742	46.00742612	2.090959328	98.10180033	31.57391592	15.60552779	59.50000001	79.125	115.5707105	1000.58625	1368.5675	2070.104692	1516.1425	17.07335562	18.75467802	0.897425795	12.9625	7.363139882	36.14999121
122	HiBAP_76	628.9033781	44.3014021	0.492016112	1373.879349	14208.53041	322.7047377	48.20189998	2.119225239	96.18240686	35.23584841	15.7299827	61.62500001	74.25	114.6190984	1033.21125	1275.6925	2052.742516	1393.8425	11.05546165	19.61995374	1.114128409	11.9665	5.925319925	36.07866508
123	HiBAP_77	621.7027521	39.77694888	0.435121144	1515.500037	15626.47925	350.3244214	45.86241803	1.885563677	94.05225332	35.2240267	15.21187903	61.75000001	75.5	116.6737776	1038.73	1300.5925	2094.275032	1428.0925	11.94490908	20.67728036	1.399041764	11.79175	5.869719712	33.2379882
124	HiBAP_78	495.3587485	38.68185184	0.485299206	1104.245139	12734.16522	316.0067495	43.00906856	1.676736503	91.49982791	34.41384765	12.84322963	59.50000001	75.25	114.636223	1006.72375	1293.8425	2052.444984	1459.405	13.78666506	19.16323167	1.442255241	10.75	6.514396404	37.1479109
125	HiBAP_79	550.0831558	47.27456837	0.438054155	1334.507703	11598.48219	256.9188958	47.36976007	2.298741555	102.7924172	31.73791643	15.23377519	62.50000001	77.625	113.7591363	1050.7175	1341.13	2035.260991	1491.455	13.40153853	21.18492947	1.184558326	12.78725	6.852178253	37.12384149
126	HiBAP_8	616.8547412	43.6680309	0.48922747	1351.133432	14155.22555	286.2096445	52.91627825	2.333085628	99.4416132	33.31661978	15.82917959	63.50000001	78.375	117.4749458	1070.34875	1354.86125	2111.545198	1501.43	12.73763614	20.86063485	0.898640758	13.71	6.648010859	40.11874053
127	HiBAP_80	581.5122744	48.3125055	0.494947133	1249.16384	12030.06213	285.321209	44.66552653	2.184142804	102.9911931	33.19915614	16.10074679	56.62500001	73	109.5513835	950.6612501	1247.89875	1946.318094	1404.9925	15.081873	18.60040445	1.220301102	11.53325	6.547534652	38.56254025
128	HiBAP_81	591.2599682	41.7154651	0.482257406	1270.20246	14147.46882	293.1967238	49.29147276	2.087766368	95.77929557	32.52337377	14.98258436	66.62500001	81.625	120.9298161	1125.37375	1411.67375	2178.024992	1565.2175	12.42228037	22.71187741	1.421500808	12.9415	6.107820904	34.61665146
129	HiBAP_82	639.3217932	46.27208513	0.488653744	1393.919405	13820.80648	275.5452621	54.50962804	2.519790161	99.416456	34.8321866	15.8664525	58.50000001	75.25	115.3411284	981.3550001	1295.2175	2066.184908	1423.8675	14.55270883	20.39136604	0.82683406	14.12925	6.057594458	36.25555197
130	HiBAP_83	525.0701418	40.38526107	0.464423489	1190.995659	13044.18484	333.6500868	40.54305922	1.664982062	89.27073877	34.27689307	13.22419051	64.00000001	77.375	117.8240148	1072.9175	1334.29875	2117.889576	1480.805	11.41583434	19.52051865	1.107306519	11.40825	6.864690929	39.29337686
131	HiBAP_84	592.479176	46.47196331	0.444124139	1430.830399	12753.5987	348.5117494	38.63677058	1.81473099	98.20929408	34.87485934	14.86113352	60.62500001	74.625	114.5296762	1022.7425	1283.68	2050.437946	1428.0925	12.37373618	18.10813059	0.902276382	9.73325	5.600353117	37.48161648
132	HiBAP_85	603.9250205	50.42603719	0.466115412	1376.704006	11995.03096	279.9188498	45.5251458	2.278698395	98.28709933	36.00851814	14.58142216	60.12500001	73.5	114.9382174	1015.06125	1259.4425	2058.921637	1402.855	11.74233859	17.64695913	0.702566562	10.70425	7.154411497	37.84735109
133	HiBAP_86	553.587357	41.60399081	0.471757337	1276.962464	13312.27534	301.0745949	48.49538354	2.030942588	99.13451833	32.81686232	15.14243361	62.00000001	75	111.6943619	1038.81125	1287.59875	1992.023911	1416.1425	11.68878403	19.62360838	0.628163045	12.17075	6.487232321	36.35835187
134	HiBAP_87	540.8343742	42.8841592	0.486393766	1141.720054	12639.01689	296.8116238	44.46535232	1.945611253	98.58256559	32.1544413	14.80112661	65.75000001	77.625	114.2874354	1106.605	1337.68	2045.573057	1464.23	10.39403148	19.51822996	0.949805977	10.87125	5.840338906	31.01558386
135	HiBAP_88	615.2428454	45.5857914	0.48614816	1268.780778	13489.9618	241.8126781	56.05780403	2.57760514	97.4712334	34.10569227	15.75737018	57.87500001	75.75	114.9111728	976.1362501	1305.3425	2056.420342	1458.4425	15.65474602	18.60898941	1.092020902	12.53775	5.554099841	36.8127276
136	HiBAP_89	601.3058598	40.52994009	0.503520023	1232.653239	14827.97878	308.3945576	50.71489505	2.058234139	96.15429087	33.83904382	15.55734362	60.25000001	75.625	114.2928496	1008.39875	1301.06125	2043.541635	1426.005	13.49044629	18.72910843	1.437469789	10.5375	6.742956613	38.79806802
137	HiBAP_9	586.7167752	42.29289362	0.477791453	1348.627291	13834.75118	333.810217	45.5657727	1.947413232	97.71034762	32.9321064	15.27922265	62.87500001	78.375	116.7925213	1059.54875	1354.93	2095.667402	1506.2925	13.30664506	20.22522826	1.406571435	11.47825	6.15711719	36.70351593
138	HiBAP_90	609.7858476	47.18098716	0.44236167	1452.511939	12972.69952	274.5925607	51.27053639	2.419719835	102.8596028	32.81741563	15.65994446	64.12500001	79.75	118.5009192	1079.9675	1378.73625	2130.555217	1525.9925	13.23771151	20.06443394	1.141628377	12.12525	6.202429537	37.29348814
139	HiBAP_91	623.3535545	49.21836344	0.463965868	1398.357997	12670.05481	310.3646677	43.11422796	2.117147689	102.1261229	32.86965138	16.44570305	61.62500001	77.5	115.5729253	1035.8925	1338.84875	2070.795372	1491.455	13.80027302	17.41686917	0.862904286	12.70825	7.044002994	39.85312083
140	HiBAP_92	528.9972183	47.02508865	0.467174804	1276.333445	11287.94111	252.7825021	51.00273063	2.401793332	112.9735355	32.35205957	14.92016894	62.37500001	74.5	110.1247393	1050.81125	1280.28	1955.920138	1411.8675	11.15081717	19.44192073	0.563372906	11.30825	6.056204755	41.30100074
141	HiBAP_93	585.5186653	47.94456448	0.478348563	1377.354149	12238.88925	273.3450154	50.9839059	2.401096109	104.0870125	32.76984835	15.55453008	62.00000001	76.625	114.1193988	1044.6175	1321.3425	2040.349917	1461.105	12.98226933	20.12162222	1.186048752	12.19575	6.243578982	39.94229871
142	HiBAP_94	495.7554221	41.57227521	0.440338095	1274.455316	11853.73634	250.0611478	51.36731993	2.222874341	106.7279285	33.48172049	12.36889003	62.37500001	79.875	120.0583257	1047.905	1381.64875	2161.839375	1534.655	14.61570321	22.83295328	0.965978395	13.4585	5.551686793	37.81363364
143	HiBAP_95	583.503137	34.74486164	0.436207142	1420.720195	16726.31765	340.2828525	52.64721017	1.824203474	98.49895628	32.65506204	14.91372994	65.25000001	80.625	119.6751748	1097.78625	1395.1425	2153.803316	1543.3175	12.87757922	22.19619979	1.650777628	13.0875	5.656437254	33.00543733
144	HiBAP_96	646.7870353	45.01606302	0.496271864	1385.507393	14363.47296	294.5835682	51.89981603	2.312864818	104.5275712	33.67099727	16.86669495	60.62500001	75.375	113.6113055	1022.9675	1298.4175	2027.056514	1474.3425	13.16889429	20.31298249	1.278933025	13.1875	6.101063062	40.06141871
145	HiBAP_97	629.2594758	41.9894947	0.482007441	1359.326272	14980.44343	291.2725454	52.78023704	2.249108431	99.61510929	34.17215857	16.20452289	59.12500001	74.75	113.6048897	996.5112501	1286.3425	2028.699611	1453.33	13.88222124	20.04967165	1.098252376	13.225	6.357618197	37.22152941
146	HiBAP_98	617.1189665	42.2770563	0.458241597	1404.60245	14593.97579	307.1113808	49.83610179	2.121396811	106.0418697	31.90050416	16.50926739	64.00000001	79.75	116.9696634	1079.14875	1379.58	2100.177516	1526.211095	13.51526801	20.70848237	0.779174072	12.7625	7.37399245	41.21735341
147	HiBAP_99	569.2638712	43.60841689	0.436029198	1406.590857	13008.0106	313.9777175	44.45197622	1.956884519	101.6579578	34.19480403	14.00423525	61.25000001	78.5	119.2999381	1029.655	1356.805	2146.303188	1517.819274	14.4933933	21.55757174	1.449915089	14.375	6.70908661	42.64924799